472266
472282
472285
472289
472291
472292
472293
472297
472302
472304
472306
472307
472510
472521
472522
472547
472619
472630
472631
472632
472633
472634
472635
472636
472915
473062
473124
473171
473181
473184
473187
473208
473209
473212
473224
473246
473247
473254
473268
473283
473286
473287
473339
473355
473356
473358
473359
473360
473361
473362
473407
473411
473479
473485
473494
473495
473516
473537
473552
473553
473592
473610
473617
473633
473642
473648
473655
473669
473723
473724
473729
473733
473736
473738
473749
473751
473752
473765
473767
473773
473775
473781
473786
473791
473796
473807
473809
473815
473822
473841
473843
473848
473851
473854
473859
473865
473872
473875
473884
473888
473901
473913
473916
473917
473924
473927
473932
473933
473938
473942
473957
473970
473985
473986
473991
473999
474002
474003
474004
474005
474006
474007
474019
474020
474025
474026
474029
474030
474033
474034
474039
474048
474053
474067
474073
474087
474088
474092
474094
474096
474098
474100
474109
474110
474111
474112
474113
474114
474115
474117
474118
474131
474132
474133
474137
474142
474147
474152
474155
474158
474161
474164
474167
474170
474173
474176
474182
474185
474193
474194
474198
474199
474200
474202
474209
474216
474217
474224
474228
474230
474232
474233
474244
474245
474246
474249
474254
474260
474288
474289
474296
474304
474305
474310
474315
474320
474325
474333
474336
474344
474348
474350
474352
474354
474356
474365
474367
474368
474369
474370
474371
474372
474373
474380
474384
474385
474386
474395
474402
474406
474432
474433
474434
474435
474436
474437
474438
474439
474440
474441
474442
474443
474444
474445
474446
474448
474453
474457
474461
474462
474468
474469
474470
474472
474473
474476
474478
474479
474480
474485
474486
474488
474489
474498
474512
474513
474514
474516
474517
474522
474523
474524
474525
474526
474527
474529
474530
474531
474537
474540
474541
474542
474543
474544
474545
474546
474547
474548
474549
474550
474551
474552
474553
474554
474555
474556
474558
474559
474566
474567
474568
474570
474571
474572
474577
474582
474583
474584
474585
474586
474589
474615
474616
474617
474627
474630
474633
474677
474678
474680
474681
474683
474695
474696
474698
474699
474701
474702
474709
474714
474718
474723
474724
474725
474728
474729
474730
474740
474742
474743
474745
474748
474751
474752
474754
474762
474768
474769
474773
474778
474796
474802
474841
474842
474844
474845
474847
474848
474850
474851
474854
474862
474863
474865
474866
474868
474869
474871
474872
474875
474880
474881
474882
474883
474884
474886
474887
474888
474889
474890
474893
474894
474898
474902
474906
474912