472263
472283
472284
472286
472287
472288
472296
472298
472506
472508
472515
472516
472519
472520
472523
472524
472525
472526
472532
472533
472534
472539
472540
472546
472548
472554
472555
472562
472566
472571
472572
472576
472577
472578
472579
472580
472581
472582
472583
472584
472585
472586
472587
472588
472589
472590
472593
472594
472595
472596
472598
472599
472600
472601
472604
472618
472624
472625
472626
472627
472628
472629
472639
472640
472641
472642
472643
472645
473301
473303
473304
473316
473318
473320
473326
473334
473335
473336
473337
473396
473403
473410
473413
473414
473415
473416
473417
473421
473424
473426
473429
473434
473435
473436
473437
473465
473470
473483
473484
473525
473576
473722
473995
474108
474177
474220
474265
474271
474272
474277
474283
474306
474308
474323
474335
474346
474361
474363
474405
474427
474428
474429
474430
474431
474455
474463
474497
474518
474519
474528
474533
474534
474535
474536
474538
474539
474557
474573
474618
474679
474727
474772
474853
474859
474860
474874
474913