467912
467913
467915
467917
467918
467919
467921
467923
467924
467925
467927
467928
467929
467930
467931
467932
467933
467934
467936
467937
467938
467939
467940
467941
467942
467943
467944
467946
467947
467950
467951
467952
467953
467954
467955
467958
467959
472263
472266
472282
472283
472284
472285
472286
472287
472288
472289
472291
472292
472293
472296
472297
472298
472302
472304
472306
472307
472506
472508
472510
472514
472515
472516
472517
472519
472520
472521
472522
472523
472524
472525
472526
472532
472533
472534
472539
472540
472546
472547
472548
472554
472555
472562
472566
472571
472572
472576
472577
472578
472579
472580
472581
472582
472583
472584
472585
472586
472587
472588
472589
472590
472593
472594
472595
472596
472598
472599
472600
472601
472602
472604
472605
472606
472607
472608
472609
472610
472611
472612
472613
472614
472615
472616
472618
472619
472620
472621
472623
472624
472625
472626
472627
472628
472629
472630
472631
472632
472633
472634
472635
472636
472639
472640
472641
472642
472643
472645
472769
472823
472915
473038
473040
473057
473062
473095
473109
473117
473119
473120
473121
473124
473126
473129
473131
473133
473134
473135
473144
473146
473171
473177
473181
473184
473187
473188
473193
473208
473209
473212
473215
473218
473221
473222
473224
473225
473230
473232
473234
473244
473246
473247
473254
473259
473266
473267
473268
473271
473273
473278
473279
473280
473283
473286
473287
473291
473296
473301
473303
473304
473316
473318
473320
473323
473324
473325
473326
473334
473335
473336
473337
473339
473355
473356
473358
473359
473360
473361
473362
473389
473390
473391
473392
473393
473394
473396
473398
473399
473402
473403
473406
473407
473408
473410
473411
473413
473414
473415
473416
473417
473419
473421
473422
473423
473424
473425
473426
473427
473428
473429
473434
473435
473436
473437
473447
473448
473451
473452
473453
473454
473459
473460
473461
473462
473465
473467
473470
473472
473479
473483
473484
473485
473486
473487
473488
473489
473490
473491
473492
473493
473494
473495
473496
473497
473508
473509
473510
473511
473514
473515
473516
473517
473525
473537
473546
473552
473553
473564
473576
473592
473610
473611
473617
473633
473634
473640
473642
473648
473649
473655
473669
473670
473673
473699
473722
473723
473724
473727
473729
473730
473731
473732
473733
473736
473738
473740
473743
473744
473745
473746
473747
473748
473749
473750
473751
473752
473753
473754
473755
473756
473757
473758
473759
473760
473761
473762
473763
473765
473766
473767
473768
473770
473771
473773
473774
473775
473776
473778
473781
473782
473783
473784
473786
473787
473788
473789
473791
473792
473793
473794
473796
473797
473798
473799
473801
473802
473804
473805
473807
473808
473809
473810
473813
473814
473815
473817
473819
473821
473822
473823
473824
473825
473826
473827
473828
473829
473830
473831
473832
473833
473834
473835
473836
473837
473838
473839
473841
473842
473843
473845
473846
473847
473848
473849
473850
473851
473852
473853
473854
473856
473857
473859
473860
473862
473864
473865
473866
473868
473870
473871
473872
473875
473876
473877
473878
473880
473883
473884
473885
473886
473888
473889
473890
473891
473892
473893
473894
473898
473899
473900
473901
473902
473903
473905
473906
473907
473908
473909
473911
473912
473913
473915
473916
473917
473919
473920
473922
473923
473924
473925
473926
473927
473929
473930
473931
473932
473933
473934
473935
473936
473937
473938
473939
473940
473942
473943
473944
473945
473946
473948
473949
473950
473951
473952
473955
473956
473957
473969
473970
473974
473975
473976
473984
473985
473986
473987
473990
473991
473995
473996
473997
473998
473999
474000
474001
474002
474003
474004
474005
474006
474007
474010
474016
474017
474018
474019
474020
474021
474022
474023
474024
474025
474026
474027
474028
474029
474030
474031
474032
474033
474034
474035
474036
474037
474038
474039
474042
474048
474049
474052
474053
474055
474057
474059
474067
474071
474072
474073
474074
474075
474077
474078
474079
474080
474087
474088
474089
474092
474094
474096
474098
474100
474101
474102
474103
474104
474105
474106
474107
474108
474109
474110
474111
474112
474113
474114
474115
474117
474118
474119
474120
474121
474122
474123
474124
474127
474129
474131
474132
474133
474136
474137
474138
474139
474140
474141
474142
474143
474144
474145
474146
474147
474148
474149
474150
474151
474152
474154
474155
474157
474158
474160
474161
474163
474164
474166
474167
474169
474170
474172
474173
474175
474176
474177
474178
474179
474180
474181
474182
474184
474185
474187
474193
474194
474198
474199
474200
474202
474206
474207
474209
474210
474214
474215
474216
474217
474218
474220
474222
474224
474225
474228
474230
474231
474232
474233
474234
474235
474236
474237
474240
474242
474244
474245
474246
474249
474250
474251
474252
474253
474254
474255
474256
474257
474258
474259
474260
474261
474262
474263
474264
474265
474266
474267
474268
474269
474270
474271
474272
474273
474274
474275
474276
474277
474278
474279
474280
474281
474282
474283
474284
474285
474286
474287
474288
474289
474290
474291
474292
474294
474295
474296
474297
474298
474299
474300
474301
474302
474303
474304
474305
474306
474307
474308
474309
474310
474311
474312
474313
474314
474315
474316
474318
474319
474320
474321
474322
474323
474324
474325
474326
474327
474328
474329
474330
474332
474333
474334
474335
474336
474337
474338
474339
474340
474341
474342
474344
474346
474348
474350
474352
474354
474356
474357
474358
474359
474360
474361
474363
474365
474367
474368
474369
474370
474371
474372
474373
474374
474375
474376
474379
474380
474382
474384
474385
474386
474393
474395
474396
474398
474402
474405
474406
474407
474409
474410
474411
474412
474413
474414
474415
474416
474417
474418
474419
474420
474421
474422
474423
474424
474425
474426
474427
474428
474429
474430
474431
474432
474433
474434
474435
474436
474437
474438
474439
474440
474441
474442
474443
474444
474445
474446
474448
474449
474453
474454
474455
474456
474457
474459
474461
474462
474463
474468
474469
474470
474471
474472
474473
474474
474475
474476
474477
474478
474479
474480
474485
474486
474488
474489
474490
474491
474492
474493
474494
474495
474496
474497
474498
474499
474500
474501
474502
474503
474504
474505
474506
474507
474508
474509
474510
474511
474512
474513
474514
474515
474516
474517
474518
474519
474522
474523
474524
474525
474526
474527
474528
474529
474530
474531
474532
474533
474534
474535
474536
474537
474538
474539
474540
474541
474542
474543
474544
474545
474546
474547
474548
474549
474550
474551
474552
474553
474554
474555
474556
474557
474558
474559
474566
474567
474568
474570
474571
474572
474573
474575
474576
474577
474578
474579
474580
474581
474582
474583
474584
474585
474586
474589
474601
474613
474615
474616
474617
474618
474619
474620
474621
474622
474623
474624
474625
474626
474627
474628
474629
474630
474631
474632
474633
474634
474677
474678
474679
474680
474681
474683
474688
474689
474692
474693
474694
474695
474696
474698
474699
474701
474702
474704
474705
474706
474707
474708
474709
474710
474714
474715
474716
474717
474718
474719
474720
474721
474722
474723
474724
474725
474726
474727
474728
474729
474730
474734
474739
474740
474742
474743
474745
474746
474747
474748
474749
474750
474751
474752
474753
474754
474755
474756
474758
474759
474762
474768
474769
474772
474773
474778
474779
474796
474802
474841
474842
474844
474845
474847
474848
474850
474851
474853
474854
474856
474857
474859
474860
474862
474863
474865
474866
474868
474869
474871
474872
474874
474875
474877
474878
474880
474881
474882
474883
474884
474886
474887
474888
474889
474890
474891
474893
474894
474898
474902
474906
474910
474912
474913
