473857
473859
473860
473864
473865
473866
473868
473870
473872
473875
473876
473877
473878
473880
473883
473884
473885
473886
473888
473889
473891
473892
473894
473898
473899
473901
473902
473903
473905
473907
473908
473911
473913
473915
473916
473919
473920
473922
473923
473924
473925
473927
473929
473930
473931
473932
473933
473934
473935
473937
473938
473939
473940
473942
473943
473944
473945
473948
473949
473950
473952
473955
473956
473969
473970
473974
473975
473976
473984
473985
473986
473987
473990
473991
473995
473997
473998
473999
474000
474001
474002
474004
474005
474007
474010
474016
474017
474018
474019
474021
474022
474023
474024
474027
474028
474029
474030
474031
474032
474035
474036
474037
474038
474039
474042
474048
474049
474052
474053
474055
474057
474059
474067
474071
474072
474074
474075
474077
474078
474079
474080
474087
474088
474089
474101
474102
474103
474104
474105
474106
474107
474109
474110
474111
474112
474113
474114
474115
474117
474118
474119
474120
474122
474127
474129
474132
474133
474139
474142
474144
474147
474149
474151
474152
474154
474155
474157
474158
474160
474161
474163
474164
474166
474167
474169
474170
474172
474173
474175
474176
474178
474179
474180
474182
474185
474187
474193
474194
474198
474199
474200
474202
474214
474215
474218
474225
474230
474232
474240
474242
474254
474260
474284
474285
474291
474294
474295
474298
474309
474310
474318
474319
474324
474325
474327
474329
474332
474336
474338
474339
474340
474341
474342
474374
474379
474380
474432
474433
474434
474436
474437
474444
474449
474454
474456
474459
474469
474470
474474
474475
474476
474480
474490
474491
474492
474493
474494
474495
474500
474504
474511
474515
474516
474517
474567
474568
474570
474571
474572
474575
474576
474578
474581
474583
474584
474585
474586
474619
474624
474625
474626
474629
474632
474681
474688
474689
474692
474693
474694
474704
474705
474706
474707
474708
474714
474715
474717
474718
474719
474726
474728
474729
474730
474734
474739
474740
474746
474747
474748
474750
474752
474753
474773
474796
474851
